191
245
457
53
429
329
433
24
61
25
160
202
201
357
249
339
67
120
187
236
105
200
75
319
251
258
292
261
298
309
196
428
240
123
337
438
385
361
70
242
254
240
161
268
356
140
128
167
414
348
482
486
493
488
75
199
36
192
351
121
49
279
88
187
417
388
284
230
44
70
37
181
82
297
147
157
26
142
275
262
186
347
420
52
365
73
460
241
23
282
95
400
357
377
490
316
338
26
137
142
468
54
172
217
206
172
71
438
136
490
437
218
30
313
28
64
233
29
71
302
101
434
96
429
472
140
324
494
435
360
431
233
142
83
325
64
474
108
319
266
274
238
34
163
11
98
296
142
282
372
95
21
24
95
79
27
353
79
328
329
414
200
123
156
96
455
2
353
156
193
62
399
149
441
373
150
394
358
481
440
465
238
285
15
362
247
229
332
288
189
122
232
329
135
228
188
55
187
110
468
397
266
56
97
199
252
216
389
209
385
111
189
202
401
367
326
211
250
291
1
341
19
330
435
167
321
466
216
364
252
157
249
225
95
93
12
344
134
473
264
343
479
12
441
143
66
255
43
7
120
96
80
470
170
129
318
273
113
203
351
437
291
451
438
315
105
340
270
178
5
243
274
438
88
407
220
361
64
341
243
12
345
122
450
66
404
318
61
371
248
179
177
346
243
27
373
144
230
390
457
344
157
212
453
115
271
380
56
443
424
360
477
77
357
223
155
89
159
264
263
500
348
389
387
106
337
182
65
204
236
234
278
231
480
62
438
42
315
296
277
311
473
30
95
336
221
47
428
114
81
490
22
23
480
167
397
105
348
121
11
240
214
156
348
469
199
70
295
452
230
161
413
220
89
238
339
50
419
483
146
427
304
366
49
381
358
311
206
485
433
1
23
439
125
453
355
60
303
74
168
16
415
276
495
401
87
171
236
101
335
357
210
216
173
282
311
334
1
340
310
484
258
441
16
135
19
38
13
413
156
265
186
74
498
18
190
420
11
95
214
5
10
156
438
262
168
436
449
51
33
278
71
244
47
336
44
213
477
230
492
212
258
301
317
267
460
339
358
402
34
444
353
320
110
398
411
300
83
446
304
108
334
194
85
175
254
495
185
309
469
41
76
422
143
222
260
29
8
31
445
